103708
150126
164246
191976
202317
27107
289517
301934
314134
345996
366266
370618
382627
382915
392400
394504
39857
409632
418987
421197
438417
471218
491912
492737
493570
504228
511016
519631
52109
521712
525849
526781
528804
530251
531373
532431
534295
546604
552267
555649
555650
555651
559949
561848
563444
566237
566238
566249
567161
571283
576865
577811
578004
580106
582379
582699
584889
585626
587910
589956
590866
591767
591769
591771
591772
597089
598274
599724
60002
600578
600900
602740
605234
606138
607186
608394
608919
612102
612615
612916
613702
615180
615243
615639
616092
617078
618595
619578
619920
619932
620098
620500
621221
621551
621758
622817
623683
624047
626197
626726
630102
630709
631491
631940
632152
633691
634386
634955
635033
635709
635880
636614
636893
637133
637251
637411
640653
641158
641269
642242
642387
643232
643471
644820
645265
645318
646308
646725
647019
647401
647543
651370
651761
654350
658747
659302
659309
659683
660993
661718
663222
664135
665641
670471
671398
672097
673062
673165
674210
674302
674710
675611
676715
676785
677087
678627
679388
679837
680459
680462
680599
680783
680891
681315
681607
681608
682151
682702
682901
685662
687368
687419
687431
691849
692812
692902
692969
693339
693940
695081
695785
696717
697716
698148
698483
699883
700684
700905
700906
700907
700908
700909
703257
703822
706116
706396
706700
706796
708321
708702
709142
709476
710839
712062
712955
713085
713278
713912
713913
714663
714749
715615
717812
718223
719602
720938
720939
722490
723081
723451
725501
725945
726037
726421
726422
728183
729087
729419
730010
730092
730513
731611
731898
732976
733288
733539
733786
733787
738192
739147
739481
739497
741525
746464
746648
746737
746738
747364
747471
748112
748115
748818
748819
748908
749590
749871
750284
750497
750959
751809
752893
752929
754260
81697
96433
book_id
