book_id
555649
680599
555650
555651
555649
699883
695081
563444
706116
750284
748112
725501
681608
682151
438417
555650
698483
699883
559949
706116
682151
555651
681607
563444
692902
699883
566237
699883
634955
566238
719602
699883
699883
695785
739497
719602
699883
679837
739481
616092
622817
645265
699883
719602
647401
725501
699883
699883
682151
682151
567161
600578
590866
699883
682151
725501
660993
725501
587910
577811
590866
693940
747471
699883
720938
659302
635709
682151
747471
633691
643232
600578
613702
633691
750497
637411
598274
682151
606138
606138
637411
585626
577811
382627
698483
617078
659302
598274
679837
738192
617078
676715
617078
680459
394504
642242
681315
692812
418987
647401
713085
693940
713913
634386
713912
693940
713085
578004
578004
626197
600900
682702
571283
671398
698148
641269
645318
585626
645318
729087
712955
571283
571283
693339
571283
382627
739147
636893
394504
693339
700684
726421
725945
726422
714749
651370
741525
679837
720939
739147
708321
679837
644820
723081
525849
608919
613702
651370
578004
578004
651370
733787
578004
651370
578004
471218
646308
587910
673165
723081
493570
526781
725501
733787
566238
682151
578004
682151
643232
635709
521712
617078
566237
578004
525849
714663
525849
687368
552267
615243
578004
693940
571283
617078
641269
566249
617078
693940
660993
681608
612916
619932
525849
612916
571283
571283
526781
706700
626197
571283
730513
695785
582699
634386
693339
418987
571283
626197
708702
645318
647401
626197
409632
706700
584889
708702
748819
620098
526781
681607
693339
619932
534295
723451
619932
643471
599724
526781
618595
637133
691849
591769
615243
651370
626197
619932
626197
635033
715615
552267
607186
673165
712955
615639
619932
438417
647401
731611
621551
673165
646725
647401
582379
644820
747364
715615
708702
584889
615639
615639
621551
534295
626197
692902
615639
615243
723451
620500
640653
642242
366266
680459
615180
615180
605234
615639
748819
619932
647401
752929
647401
747364
752929
599724
582379
696717
620500
643471
676785
615180
637133
630102
607186
708321
700909
747364
685662
680459
620098
615180
615180
631491
615180
620098
526781
731611
615180
631491
605234
700906
700907
674710
680891
301934
651761
641158
641158
580106
674710
674302
733539
580106
680459
665641
700908
665641
733539
608394
366266
674210
301934
733786
665641
641158
748818
641158
748818
675611
733786
615180
641158
641158
746648
492737
696717
521712
673165
673062
732976
730010
559949
730010
730010
730010
754260
631940
754260
748112
567161
752893
693940
738192
754260
754260
748908
589956
748908
693940
654350
678627
748115
631940
631940
700684
725945
693940
631940
674210
693940
710839
589956
693940
571283
571283
674210
571283
619932
674210
691849
631940
571283
659309
571283
571283
631940
659309
718223
747364
619932
747364
750284
615639
621221
632152
715615
626726
680462
642387
680462
526781
718223
526781
631940
636614
631940
623683
729087
631940
492737
631940
678627
631940
746738
713278
726421
746464
685662
642387
747364
645265
733288
687431
730092
749590
726422
687368
631940
618595
738192
571283
708702
619932
682901
663222
730092
438417
619932
746737
571283
619932
618595
710839
673165
663222
630102
647019
682901
615243
642387
750497
637251
630709
612615
619932
615639
673165
642387
680783
673165
677087
642387
659309
674302
715615
642387
677087
672097
670471
746737
682901
729419
647019
624047
659309
746738
642387
591771
725501
751809
637251
642387
642387
626197
642387
591769
722490
618595
729419
700906
591767
687419
620500
700909
709476
626197
642387
642387
658747
597089
700907
710839
591772
697716
623683
752929
706796
700905
602740
647543
717812
717812
647543
623683
623683
659683
612102
746648
752929
682901
602740
602740
602740
623683
692969
623683
697716
697716
697716
749871
749871
619920
750959
687419
687419
619920
619920
726037
687419
530251
658747
709142
635880
571283
722490
680783
626197
626197
709476
726037
726037
621758
619920
679388
528804
703822
679388
528804
679388
619578
706396
